##FastQC	0.12.1
>>Basic Statistics	pass
#Measure	Value
Filename	trimmed_N_Negative.fq
File type	Conventional base calls
Encoding	Sanger / Illumina 1.9
Total Sequences	1076320
Total Bases	53.8 Mbp
Sequences flagged as poor quality	0
Sequence length	50
%GC	50
>>END_MODULE
>>Per base sequence quality	pass
#Base	Mean	Median	Lower Quartile	Upper Quartile	10th Percentile	90th Percentile
1	32.80599635796046	34.0	33.0	34.0	32.0	34.0
2	32.84965159060503	34.0	33.0	34.0	32.0	34.0
3	32.85103036271741	34.0	33.0	34.0	32.0	34.0
4	32.807608332094546	34.0	33.0	34.0	32.0	34.0
5	32.80437137654229	34.0	33.0	34.0	32.0	34.0
6	36.274187973836774	38.0	37.0	38.0	33.0	38.0
7	36.58648264456667	38.0	38.0	38.0	34.0	38.0
8	36.71969581537089	38.0	38.0	38.0	35.0	38.0
9	36.786826408503046	38.0	38.0	38.0	35.0	38.0
10	36.82030529953917	38.0	38.0	38.0	36.0	38.0
11	36.84003920767058	38.0	38.0	38.0	36.0	38.0
12	36.82901181804668	38.0	38.0	38.0	36.0	38.0
13	36.81665396907983	38.0	38.0	38.0	36.0	38.0
14	36.8196586517021	38.0	38.0	38.0	36.0	38.0
15	36.820988181953325	38.0	38.0	38.0	36.0	38.0
16	36.80278077151777	38.0	38.0	38.0	36.0	38.0
17	36.79551527426788	38.0	38.0	38.0	36.0	38.0
18	36.79874758436153	38.0	38.0	38.0	36.0	38.0
19	36.799772372528615	38.0	38.0	38.0	36.0	38.0
20	36.788832317526385	38.0	38.0	38.0	36.0	38.0
21	36.78664616470938	38.0	38.0	38.0	36.0	38.0
22	36.776915787126505	38.0	38.0	38.0	36.0	38.0
23	36.774615356027944	38.0	38.0	38.0	36.0	38.0
24	36.767240225955106	38.0	38.0	38.0	36.0	38.0
25	36.76490541846291	38.0	38.0	38.0	36.0	38.0
26	36.75020068381151	38.0	38.0	38.0	35.0	38.0
27	36.734710866656755	38.0	38.0	38.0	35.0	38.0
28	36.73339248550617	38.0	38.0	38.0	35.0	38.0
29	36.72463022149547	38.0	38.0	38.0	35.0	38.0
30	36.72598948268173	38.0	38.0	38.0	35.0	38.0
31	36.720666716218226	38.0	38.0	38.0	35.0	38.0
32	36.71724022595511	38.0	38.0	38.0	35.0	38.0
33	36.71181525940241	38.0	38.0	38.0	35.0	38.0
34	36.7122342797681	38.0	38.0	38.0	35.0	38.0
35	36.71436097071503	38.0	38.0	38.0	35.0	38.0
36	36.69218355136019	38.0	38.0	38.0	35.0	38.0
37	36.67967797680987	38.0	38.0	38.0	35.0	38.0
38	36.65743273375948	38.0	38.0	38.0	35.0	38.0
39	36.64039226252416	38.0	38.0	38.0	35.0	38.0
40	36.62827411922105	38.0	38.0	38.0	35.0	38.0
41	36.61398468856846	38.0	38.0	38.0	35.0	38.0
42	36.60868050393935	38.0	38.0	38.0	35.0	38.0
43	36.59688382637134	38.0	38.0	38.0	35.0	38.0
44	36.582065742530105	38.0	38.0	38.0	34.0	38.0
45	36.57021703582578	38.0	38.0	38.0	34.0	38.0
46	36.58074364501264	38.0	38.0	38.0	34.0	38.0
47	36.56305745503196	38.0	38.0	38.0	34.0	38.0
48	36.55967370298796	38.0	38.0	38.0	34.0	38.0
49	36.54871971160993	38.0	38.0	38.0	34.0	38.0
50	36.53617232793221	38.0	38.0	38.0	34.0	38.0
>>END_MODULE
>>Per sequence quality scores	pass
#Quality	Count
32	13.0
33	940.0
34	26065.0
35	268307.0
36	652042.0
37	128953.0
>>END_MODULE
>>Per base sequence content	pass
#Base	G	A	T	C
1	25.29359298349933	24.66692061840345	24.638025865913484	25.40146053218374
2	25.292385164263415	24.647688419800804	24.708451018284524	25.351475397651257
3	25.305764085030475	24.757507061097073	24.621673851642633	25.31505500222982
4	25.31505500222982	24.677883900698678	24.6292924037461	25.377768693325404
5	25.295915712799165	24.652612605916456	24.715883752044	25.335587929240372
6	25.36327486249443	24.698045191021258	24.66320425152371	25.27547569496061
7	25.303720083246617	24.624646945146424	24.71012338338041	25.36150958822655
8	25.31747064070165	24.724059759179426	24.688382637133937	25.270086962984983
9	25.33280065408057	24.656050245280213	24.693306823249593	25.317842277389623
10	25.23663966106734	24.703062286308906	24.686152817006096	25.37414523561766
11	25.28058569942025	24.632172588077893	24.707800654080568	25.379441058421286
12	25.336702839304298	24.654192061840345	24.68578118031812	25.323323918537238
13	25.270458599672963	24.716534116247956	24.72498885089936	25.288018433179722
14	25.342556117139885	24.739575590902334	24.64657350973688	25.2712947822209
15	25.338561022744166	24.65707224617214	24.637561320053518	25.366805411030175
16	25.308737178534262	24.718485208859818	24.72954140032704	25.243236212278873
17	25.266463505277244	24.677047718150735	24.731213765422922	25.325275011149103
18	25.303720083246617	24.696651553441356	24.644622417125017	25.35500594618701
19	25.231994202467668	24.710495020068382	24.69572246172142	25.36178831574253
20	25.351196670135273	24.72471012338338	24.686431544522076	25.237661661959272
21	25.300189534710864	24.71263193102423	24.64517987215698	25.341998662107923
22	25.313382637133934	24.63180095138992	24.72628957930727	25.328526832168873
23	25.36847777612606	24.70111119369704	24.684759179426194	25.245651850750704
24	25.31236063624201	24.708451018284524	24.68652445369407	25.292663891779398
25	25.307622268470343	24.73818195332243	24.616378028839005	25.33781774936822
26	25.3905901590605	24.68383008770626	24.653077151776422	25.272502601456814
27	25.297216441207077	24.672216441207077	24.71904266389178	25.31152445369407
28	25.307064813438384	24.681321540062434	24.73520885981864	25.27640478668054
29	25.353983945295077	24.654284971012338	24.719785937267726	25.271945146424855
30	25.31570536643377	24.652798424260443	24.647781328972794	25.383714880332985
31	25.321372825925376	24.664133343243645	24.682436450126357	25.332057380704626
32	25.29164189088747	24.689962093057826	24.675189534710867	25.343206481343838
33	25.31728482235766	24.659209157127993	24.714118477776125	25.30938754273822
34	25.282443882860118	24.685595361974134	24.66784971012338	25.364111045042364
35	25.347015757395567	24.710495020068382	24.669986621079232	25.272502601456814
36	25.326668648729	24.718763936375797	24.633101679797832	25.32146573509737
37	25.331499925672663	24.716441207075963	24.631150587185967	25.320908280065407
38	25.279470789356324	24.71068083841237	24.69116991229374	25.318678459937566
39	25.381856696893117	24.624089490114464	24.702597740448937	25.291456072543482
40	25.265813141073284	24.723688122491453	24.717834844655865	25.292663891779398
41	25.311710272038056	24.705570833952727	24.684573361082208	25.298145532927013
42	25.282443882860118	24.699067191913183	24.67063698528319	25.34785193994351
43	25.310316634458154	24.670915712799168	24.679091719934593	25.33967593280809
44	25.31793518656162	24.745521777909914	24.679742084138546	25.256800951389923
45	25.366247955998215	24.63951241266538	24.68364426936227	25.310595361974137
46	25.27501114910064	24.630035677122045	24.747101233833803	25.34785193994351
47	25.35695703879887	24.65567860859224	24.701761557900994	25.285602794707895
48	25.33493756503642	24.599282741192212	24.755463059313215	25.310316634458154
49	25.313289727961948	24.656886427828155	24.691820276497694	25.338003567712203
50	25.222703285268324	24.741712501858185	24.71829939051583	25.31728482235766
>>END_MODULE
>>Per sequence GC content	pass
#GC Content	Count
0	0.0
1	0.5
2	1.0
3	1.5
4	2.0
5	2.5
6	3.0
7	3.5
8	4.0
9	19.0
10	34.0
11	73.0
12	112.0
13	182.0
14	252.0
15	340.5
16	429.0
17	637.5
18	846.0
19	1167.5
20	1489.0
21	1914.5
22	2340.0
23	2944.0
24	3548.0
25	4326.0
26	5104.0
27	6298.0
28	7492.0
29	8714.0
30	9936.0
31	11597.0
32	13258.0
33	15231.0
34	17204.0
35	19638.0
36	22072.0
37	25490.0
38	28908.0
39	33255.5
40	37603.0
41	42726.5
42	47850.0
43	54380.5
44	60911.0
45	67527.0
46	74143.0
47	80811.0
48	87479.0
49	92757.5
50	98036.0
51	100296.5
52	102557.0
53	101817.0
54	101077.0
55	96511.0
56	91945.0
57	85187.0
58	78429.0
59	70306.5
60	62184.0
61	54120.5
62	46057.0
63	38843.0
64	31629.0
65	25778.5
66	19928.0
67	15789.5
68	11651.0
69	8998.0
70	6345.0
71	4729.0
72	3113.0
73	2264.5
74	1416.0
75	1011.5
76	607.0
77	410.0
78	213.0
79	136.0
80	59.0
81	47.5
82	36.0
83	25.0
84	14.0
85	9.0
86	4.0
87	2.0
88	0.0
89	0.0
90	0.0
91	0.0
92	0.0
93	0.0
94	0.0
95	0.0
96	0.0
97	0.0
98	0.0
99	0.0
100	0.0
>>END_MODULE
>>Per base N content	pass
#Base	N-Count
1	0.0
2	0.0
3	0.0
4	0.0
5	0.0
6	0.0
7	0.0
8	0.0
9	0.0
10	0.0
11	0.0
12	0.0
13	0.0
14	0.0
15	0.0
16	0.0
17	0.0
18	0.0
19	0.0
20	0.0
21	0.0
22	0.0
23	0.0
24	0.0
25	0.0
26	0.0
27	0.0
28	0.0
29	0.0
30	0.0
31	0.0
32	0.0
33	0.0
34	0.0
35	0.0
36	0.0
37	0.0
38	0.0
39	0.0
40	0.0
41	0.0
42	0.0
43	0.0
44	0.0
45	0.0
46	0.0
47	0.0
48	0.0
49	0.0
50	0.0
>>END_MODULE
>>Sequence Length Distribution	pass
#Length	Count
50	1076320.0
>>END_MODULE
>>Sequence Duplication Levels	pass
#Total Deduplicated Percentage	95.39459339009832
#Duplication Level	Percentage of total
1	90.96321650123382
2	8.534686936813458
3	0.4662440035949474
4	0.029800877357873373
5	0.0047975926003399755
6	0.0012540883995572072
7	0.0
8	0.0
9	0.0
>10	0.0
>50	0.0
>100	0.0
>500	0.0
>1k	0.0
>5k	0.0
>10k+	0.0
>>END_MODULE
>>Overrepresented sequences	pass
>>END_MODULE
>>Adapter Content	pass
#Position	Illumina Universal Adapter	Illumina Small RNA 3' Adapter	Illumina Small RNA 5' Adapter	Nextera Transposase Sequence	PolyA	PolyG
1	0.0	0.0	0.0	0.0	2.787275159803776E-4	0.0
2	0.0	0.0	0.0	0.0	2.787275159803776E-4	0.0
3	0.0	0.0	0.0	0.0	2.787275159803776E-4	0.0
4	0.0	0.0	0.0	0.0	2.787275159803776E-4	0.0
5	9.290917199345919E-5	0.0	0.0	0.0	3.7163668797383676E-4	0.0
6	9.290917199345919E-5	0.0	0.0	0.0	3.7163668797383676E-4	0.0
7	9.290917199345919E-5	0.0	0.0	0.0	3.7163668797383676E-4	0.0
8	9.290917199345919E-5	0.0	0.0	0.0	3.7163668797383676E-4	0.0
9	9.290917199345919E-5	0.0	0.0	9.290917199345919E-5	3.7163668797383676E-4	0.0
10	9.290917199345919E-5	0.0	0.0	9.290917199345919E-5	3.7163668797383676E-4	0.0
11	9.290917199345919E-5	0.0	0.0	9.290917199345919E-5	3.7163668797383676E-4	0.0
12	9.290917199345919E-5	0.0	0.0	9.290917199345919E-5	3.7163668797383676E-4	0.0
13	9.290917199345919E-5	0.0	0.0	9.290917199345919E-5	3.7163668797383676E-4	0.0
14	9.290917199345919E-5	0.0	0.0	9.290917199345919E-5	4.6454585996729596E-4	0.0
15	9.290917199345919E-5	0.0	0.0	9.290917199345919E-5	4.6454585996729596E-4	0.0
16	9.290917199345919E-5	0.0	0.0	9.290917199345919E-5	4.6454585996729596E-4	0.0
17	9.290917199345919E-5	0.0	0.0	9.290917199345919E-5	4.6454585996729596E-4	0.0
18	9.290917199345919E-5	0.0	0.0	9.290917199345919E-5	4.6454585996729596E-4	0.0
19	9.290917199345919E-5	0.0	0.0	9.290917199345919E-5	4.6454585996729596E-4	0.0
20	9.290917199345919E-5	0.0	0.0	9.290917199345919E-5	5.574550319607552E-4	0.0
21	9.290917199345919E-5	0.0	0.0	9.290917199345919E-5	5.574550319607552E-4	0.0
22	9.290917199345919E-5	0.0	0.0	9.290917199345919E-5	6.503642039542144E-4	0.0
23	9.290917199345919E-5	0.0	0.0	9.290917199345919E-5	6.503642039542144E-4	0.0
24	9.290917199345919E-5	0.0	0.0	9.290917199345919E-5	6.503642039542144E-4	0.0
25	9.290917199345919E-5	0.0	0.0	9.290917199345919E-5	7.432733759476735E-4	0.0
26	9.290917199345919E-5	0.0	0.0	9.290917199345919E-5	7.432733759476735E-4	0.0
27	9.290917199345919E-5	0.0	0.0	9.290917199345919E-5	7.432733759476735E-4	0.0
28	9.290917199345919E-5	0.0	0.0	1.8581834398691838E-4	7.432733759476735E-4	0.0
29	9.290917199345919E-5	0.0	0.0	1.8581834398691838E-4	7.432733759476735E-4	0.0
30	9.290917199345919E-5	0.0	0.0	1.8581834398691838E-4	7.432733759476735E-4	0.0
31	9.290917199345919E-5	0.0	0.0	1.8581834398691838E-4	8.361825479411328E-4	0.0
32	9.290917199345919E-5	0.0	0.0	1.8581834398691838E-4	8.361825479411328E-4	0.0
33	9.290917199345919E-5	0.0	0.0	1.8581834398691838E-4	8.361825479411328E-4	0.0
34	9.290917199345919E-5	0.0	0.0	1.8581834398691838E-4	8.361825479411328E-4	0.0
35	9.290917199345919E-5	0.0	0.0	1.8581834398691838E-4	8.361825479411328E-4	0.0
36	9.290917199345919E-5	0.0	0.0	1.8581834398691838E-4	0.001022000891928051	0.0
37	9.290917199345919E-5	0.0	0.0	1.8581834398691838E-4	0.001022000891928051	0.0
38	9.290917199345919E-5	0.0	0.0	1.8581834398691838E-4	0.001022000891928051	0.0
39	9.290917199345919E-5	0.0	0.0	1.8581834398691838E-4	0.001022000891928051	0.0
>>END_MODULE
